lastAccountName: SkelShe
timestamps:
  login: 1636036683367
  logout: 1636039353730
ipAddress: 171.33.255.31
lastlocation:
  world: world
  x: -136.4336926696804
  y: 68.0
  z: -227.4157814024953
  yaw: 155.90924
  pitch: 10.027708
