lastAccountName: Yukio
timestamps:
  login: 1634292866789
  lastteleport: 1634293070809
  logout: 1634295385095
ipAddress: 176.49.109.71
lastlocation:
  world: world
  x: -638.0003415082558
  y: 65.2619170512156
  z: -349.72209927571146
  yaw: 241.78027
  pitch: 58.100163
logoutlocation:
  world: world
  x: -640.5288368588227
  y: 64.0
  z: -313.76955544897163
  yaw: 6.4919434
  pitch: 5.8905015
