logoutlocation:
  world: world
  x: -636.1968015504655
  y: 46.0
  z: -302.6643819322471
  yaw: 2.5532227
  pitch: 11.999938
timestamps:
  logout: 1636039353741
  login: 1636037256319
lastAccountName: MilfPussiTaster
ipAddress: 185.175.19.248
lastlocation:
  world: world
  x: -147.2575853996759
  y: 71.0
  z: -179.11151782265267
  yaw: -209.745
  pitch: 16.2045
