lastAccountName: jongog
timestamps:
  login: 1639995301492
  logout: 1639995478497
ipAddress: 127.0.0.1
logoutlocation:
  world: world
  x: -108.33801142291641
  y: 75.0
  z: -157.5628823874245
  yaw: -274.60663
  pitch: 4.846657
