lastAccountName: coolshyavel
timestamps:
  login: 1640087047973
  logout: 1640089635415
ipAddress: 127.0.0.1
logoutlocation:
  world: world
  x: 231.47123552951413
  y: 69.5
  z: -96.30000001192093
  yaw: 181.23279
  pitch: -5.399904
